
[0.0, 0.0, 0.0, 0.0]
[0.0, 0.0, 0.0, 0.0]
[0.0, 0.0, 0.0, 0.0]
[0.0, 0.0, 0.0, 0.0]
[0.0, 0.0, 0.0, 0.0]
[0.0, 0.0, 0.0, 0.0]
[0.0, 0.0, 0.0, 0.0]
[0.0, 0.0, 0.0, 0.0]
[0.0, 0.0, 0.0, 0.0]
[0.0, 0.0, 0.0, 0.0]
[0.0, 0.0, 0.0, 0.0]
[0.0, 0.0, 0.0, 0.0]
[0.0, 0.0, 0.0, 0.0]
[0.0, 0.0, 0.0, 0.0]
[0.0, 0.0, 0.0, 0.0]
[0.0, 0.0, 0.0, 0.0]
[0.0, 0.0, 0.0, 0.0]
[0.0, 0.0, 0.0, 0.0]
[0.0, 0.0, 0.0, 0.0]
[0.0, 0.0, 0.0, 0.0]
[0.0, 0.0, 0.0, 0.0]
[0.0, 0.0, 0.0, 0.0]
[0.0, 0.0, 0.0, 0.0]
[0.0, 0.0, 0.0, 0.0]
[0.0, 0.0, 0.0, 0.0]
[0.0, 0.0, 0.0, 0.0]
[0.0, 0.0, 0.0, 0.0]
[0.0, 0.0, 0.0, 0.0]
[0.0, 0.0, 0.0, 0.0]
[0.0, 0.0, 0.0, 0.0]
[0.0, 0.0, 0.0, 0.0]
[0.0, 0.0, 0.0, 0.0]
[0.0, 0.0, 0.0, 0.0]
[0.0, 0.0, 0.0, 0.0]
[0.0, 0.0, 0.0, 0.0]
[0.0, 0.0, 0.0, 0.0]
[0.0, 0.0, 0.0, 0.0]
[0.0, 0.0, 0.0, 0.0]
[0.0, 0.0, 0.0, 0.0]
[0.0, 0.0, 0.0, 0.0]
[0.0, 0.0, 0.0, 0.0]
[0.0, 0.0, 0.0, 0.0]
[0.0, 0.0, 0.0, 0.0]
[0.0, 0.0, 0.0, 0.0]
[0.0, 0.0, 0.0, 0.0]
[0.0, 0.0, 0.0, 0.0]
[0.0, 0.0, 0.0, 0.0]
[0.0, 0.0, 0.0, 0.0]
[0.0, 0.0, 0.0, 0.0]
[0.0, 0.0, 0.0, 0.0]
[0.0, 0.0, 0.0, 0.0]
[0.0, 0.0, 0.0, 0.0]
[0.0, 0.0, 0.0, 0.0]
[0.0, 0.0, 0.0, 0.0]
[0.0, 0.0, 0.0, 0.0]
[0.0, 0.0, 0.0, 0.0]
[0.0, 0.0, 0.0, 0.0]
[0.0, 0.0, 0.0, 0.0]
[0.0, 0.0, 0.0, 0.0]
[0.0, 0.0, 0.0, 0.0]
[0.0, 0.0, 0.0, 0.0]
[0.0, 0.0, 0.0, 0.0]
[0.0, 0.0, 0.0, 0.0]
[1.3711691801094456e-13, 1.3711691801094456e-13, 6.855845900547228e-17, 1.370483595519391e-13]
[3.260727089030195e-12, 3.262358268164277e-12, 1.6303635445150975e-15, 3.2590967254856805e-12]
[4.854750482283469e-15, 4.859608876257507e-15, 2.4273752411417346e-18, 4.852323107042328e-15]
[0.0, 0.0, 0.0, 0.0]
[0.0, 0.0, 0.0, 0.0]
[0.0, 0.0, 0.0, 0.0]
[0.0, 0.0, 0.0, 0.0]
[0.0, 0.0, 0.0, 0.0]
[0.0, 0.0, 0.0, 0.0]
[1.4666468455863048e-30, 1.4666468455863048e-30, 7.333234227931524e-34, 1.4659135221635117e-30]
[3.486949386687706e-29, 3.488693733554483e-29, 1.743474693343853e-32, 3.4852059119943627e-29]
[5.1926082882804e-32, 5.197804793622824e-32, 2.5963041441402e-35, 5.190011984136261e-32]
[0.0, 0.0, 0.0, 0.0]
[0.0, 0.0, 0.0, 0.0]
[0.0, 0.0, 0.0, 0.0]
[0.0, 0.0, 0.0, 0.0]
[0.0, 0.0, 0.0, 0.0]
[0.0, 0.0, 0.0, 0.0]
[1.5678730590959853e-47, 1.5678730590959853e-47, 7.839365295479926e-51, 1.5670891225664374e-47]
[3.728501362280365e-46, 3.730366545553142e-46, 1.8642506811401827e-49, 3.726637111599225e-46]
[5.548217331748926e-49, 5.5537697130195174e-49, 2.774108665874463e-52, 5.545443223083052e-49]
[0.0, 0.0, 0.0, 0.0]
[0.0, 0.0, 0.0, 0.0]
[0.0, 0.0, 0.0, 0.0]
[0.0, 0.0, 0.0, 0.0]
[0.0, 0.0, 0.0, 0.0]
[0.0, 0.0, 0.0, 0.0]
[1.675083060646542e-64, 1.675083060646542e-64, 8.37541530323271e-68, 1.674245519116219e-64]
[3.9834535310878397e-63, 3.985446254214947e-63, 1.99172676554392e-66, 3.981461804322296e-63]
[5.929989211357628e-66, 5.935923651027742e-66, 2.964994605678814e-69, 5.927024216751949e-66]
[0.0, 0.0, 0.0, 0.0]
[0.0, 0.0, 0.0, 0.0]
[0.0, 0.0, 0.0, 0.0]
[0.0, 0.0, 0.0, 0.0]
[0.0, 0.0, 0.0, 0.0]
[0.0, 0.0, 0.0, 0.0]
[1.7861622819244667e-81, 1.7861622819244667e-81, 8.930811409622334e-85, 1.7852692007835046e-81]
[4.249629137785062e-80, 4.2517550152927084e-80, 2.1248145688925313e-83, 4.24750432321617e-80]
[6.326232938998164e-83, 6.33256391977696e-83, 3.163116469499082e-86, 6.323069822528665e-83]
[0.0, 0.0, 0.0, 0.0]
[0.0, 0.0, 0.0, 0.0]
[0.0, 0.0, 0.0, 0.0]
[0.0, 0.0, 0.0, 0.0]
[0.0, 0.0, 0.0, 0.0]
[0.0, 0.0, 0.0, 0.0]
[1.87454522812343e-98, 1.87454522812343e-98, 9.372726140617151e-102, 1.8736079555093684e-98]
[4.390925604662218e-97, 4.3931221657450907e-97, 2.1954628023311091e-100, 4.3887301418598873e-97]
[6.538769038357046e-100, 6.545312714743611e-100, 3.269384519178523e-103, 6.535499653837868e-100]
[0.0, 0.0, 0.0, 0.0]
[0.0, 0.0, 0.0, 0.0]
[0.0, 0.0, 0.0, 0.0]
[0.0, 0.0, 0.0, 0.0]
[0.0, 0.0, 0.0, 0.0]
[0.0, 0.0, 0.0, 0.0]
[1.9116500991572055e-115, 1.9116500991572055e-115, 9.558250495786028e-119, 1.910694274107627e-115]
[4.486250937092338e-114, 4.488495184684681e-114, 2.2431254685461692e-117, 4.484007811623792e-114]
[6.680274837757125e-117, 6.686960126143236e-117, 3.3401374188785625e-120, 6.676934700338246e-117]
[0.0, 0.0, 0.0, 0.0]
[0.0, 0.0, 0.0, 0.0]
[0.0, 0.0, 0.0, 0.0]
[0.0, 0.0, 0.0, 0.0]
[0.0, 0.0, 0.0, 0.0]
[0.0, 0.0, 0.0, 0.0]
[1.9583966826752902e-132, 1.9583966826752902e-132, 9.791983413376451e-136, 1.9574174843339527e-132]
[4.600276108892956e-131, 4.602577397591752e-131, 2.3001380544464777e-134, 4.59797597083851e-131]
[6.850064601355211e-134, 6.856919806932191e-134, 3.4250323006776057e-137, 6.846639569054534e-134]
[0.0, 0.0, 0.0, 0.0]
[0.0, 0.0, 0.0, 0.0]
[0.0, 0.0, 0.0, 0.0]
[0.0, 0.0, 0.0, 0.0]
[0.0, 0.0, 0.0, 0.0]
[0.0, 0.0, 0.0, 0.0]
[2.0185720519675668e-149, 2.0185720519675668e-149, 1.0092860259837833e-152, 2.017562765941583e-149]
[4.746089781090527e-148, 4.7484640130970755e-148, 2.3730448905452636e-151, 4.743716736199982e-148]
[7.067663565264353e-151, 7.074736533113333e-151, 3.533831782632177e-154, 7.064129733481721e-151]
[0.0, 0.0, 0.0, 0.0]
[0.0, 0.0, 0.0, 0.0]
[0.0, 0.0, 0.0, 0.0]
[0.0, 0.0, 0.0, 0.0]
[0.0, 0.0, 0.0, 0.0]
[0.0, 0.0, 0.0, 0.0]
[2.0954361337719053e-166, 2.0954361337719053e-166, 1.0477180668859527e-169, 2.0943884157050194e-166]
[4.93145376902524e-165, 4.933920729389935e-165, 2.46572688451262e-168, 4.928988042140727e-165]
[7.338770295943329e-168, 7.346114573988674e-168, 3.6693851479716642e-171, 7.335100910795358e-168]
[0.0, 0.0, 0.0, 0.0]
[0.0, 0.0, 0.0, 0.0]
[0.0, 0.0, 0.0, 0.0]
[2.1826170094115806e-183, 2.1826170094115806e-183, 1.0913085047057903e-186, 2.181525700906875e-183]
[5.142681991765382e-182, 5.145254619074919e-182, 2.5713409958826908e-185, 5.1401106507694995e-182]
[7.653624758995786e-185, 7.661284127802555e-185, 3.826812379497893e-188, 7.649797946616288e-185]
[0.0, 0.0, 0.0, 0.0]
[0.0, 0.0, 0.0, 0.0]
[0.0, 0.0, 0.0, 0.0]
[0.0, 0.0, 0.0, 0.0]
[0.0, 0.0, 0.0, 0.0]
[0.0, 0.0, 0.0, 0.0]
[2.2763759187305486e-200, 2.2763759187305486e-200, 1.1381879593652743e-203, 2.2752377307711836e-200]
[5.371193887561812e-199, 5.373880827975799e-199, 2.685596943780906e-202, 5.368508290618031e-199]
[7.998540502191804e-202, 8.006545045601142e-202, 3.999270251095902e-205, 7.994541231940709e-202]
[0.0, 0.0, 0.0, 0.0]
[0.0, 0.0, 0.0, 0.0]
[0.0, 0.0, 0.0, 0.0]
[0.0, 0.0, 0.0, 0.0]
[0.0, 0.0, 0.0, 0.0]
[0.0, 0.0, 0.0, 0.0]
[2.3762716558504058e-217, 2.3762716558504058e-217, 1.1881358279252029e-220, 2.3750835200224807e-217]
[5.606901605341078e-216, 5.609706458570363e-216, 2.803450802670539e-219, 5.604098154538408e-216]
[8.336656414691336e-219, 8.344999327769272e-219, 4.168328207345668e-222, 8.332488086483991e-219]
[0.0, 0.0, 0.0, 0.0]
[0.0, 0.0, 0.0, 0.0]
[0.0, 0.0, 0.0, 0.0]
[0.0, 0.0, 0.0, 0.0]
[0.0, 0.0, 0.0, 0.0]
[0.0, 0.0, 0.0, 0.0]
[0.0, 0.0, 0.0, 0.0]
[0.0, 0.0, 0.0, 0.0]
[0.0, 0.0, 0.0, 0.0]
[0.0, 0.0, 0.0, 0.0]
[0.0, 0.0, 0.0, 0.0]
[0.0, 0.0, 0.0, 0.0]
[0.0, 0.0, 0.0, 0.0]
[0.0, 0.0, 0.0, 0.0]
[0.0, 0.0, 0.0, 0.0]
[0.0, 0.0, 0.0, 0.0]
[0.0, 0.0, 0.0, 0.0]
[0.0, 0.0, 0.0, 0.0]
[0.0, 0.0, 0.0, 0.0]
[0.0, 0.0, 0.0, 0.0]
[0.0, 0.0, 0.0, 0.0]
[0.0, 0.0, 0.0, 0.0]
[0.0, 0.0, 0.0, 0.0]
[0.0, 0.0, 0.0, 0.0]
[0.0, 0.0, 0.0, 0.0]
[0.0, 0.0, 0.0, 0.0]
[0.0, 0.0, 0.0, 0.0]
[0.0, 0.0, 0.0, 0.0]
[0.0, 0.0, 0.0, 0.0]
[0.0, 0.0, 0.0, 0.0]
[0.0, 0.0, 0.0, 0.0]
[0.0, 0.0, 0.0, 0.0]
[0.0, 0.0, 0.0, 0.0]
[0.0, 0.0, 0.0, 0.0]
[0.0, 0.0, 0.0, 0.0]
[0.0, 0.0, 0.0, 0.0]
[0.0, 0.0, 0.0, 0.0]
[0.0, 0.0, 0.0, 0.0]
[0.0, 0.0, 0.0, 0.0]
[0.0, 0.0, 0.0, 0.0]
[0.0, 0.0, 0.0, 0.0]
[0.0, 0.0, 0.0, 0.0]
[0.0, 0.0, 0.0, 0.0]
[0.0, 0.0, 0.0, 0.0]
[0.0, 0.0, 0.0, 0.0]
[0.0, 0.0, 0.0, 0.0]
[0.0, 0.0, 0.0, 0.0]
[0.0, 0.0, 0.0, 0.0]
[0.0, 0.0, 0.0, 0.0]
[0.0, 0.0, 0.0, 0.0]
[0.0, 0.0, 0.0, 0.0]
[0.0, 0.0, 0.0, 0.0]
[0.0, 0.0, 0.0, 0.0]
[0.0, 0.0, 0.0, 0.0]
[0.0, 0.0, 0.0, 0.0]
[0.0, 0.0, 0.0, 0.0]
[0.0, 0.0, 0.0, 0.0]
[0.0, 0.0, 0.0, 0.0]
[0.0, 0.0, 0.0, 0.0]
[0.0, 0.0, 0.0, 0.0]
[0.0, 0.0, 0.0, 0.0]
[0.0, 0.0, 0.0, 0.0]
[0.0, 0.0, 0.0, 0.0]
[0.0, 0.0, 0.0, 0.0]
[0.0, 0.0, 0.0, 0.0]
[0.0, 0.0, 0.0, 0.0]
[0.0, 0.0, 0.0, 0.0]
[0.0, 0.0, 0.0, 0.0]
[0.0, 0.0, 0.0, 0.0]
[0.0, 0.0, 0.0, 0.0]
[0.0, 0.0, 0.0, 0.0]
[0.0, 0.0, 0.0, 0.0]
[0.0, 0.0, 0.0, 0.0]
[0.0, 0.0, 0.0, 0.0]
[0.0, 0.0, 0.0, 0.0]
[0.0, 0.0, 0.0, 0.0]
[0.0, 0.0, 0.0, 0.0]
[0.0, 0.0, 0.0, 0.0]
[0.0, 0.0, 0.0, 0.0]
[0.0, 0.0, 0.0, 0.0]
[0.0, 0.0, 0.0, 0.0]
[0.0, 0.0, 0.0, 0.0]
[0.0, 0.0, 0.0, 0.0]
[0.0, 0.0, 0.0, 0.0]
[0.0, 0.0, 0.0, 0.0]
[0.0, 0.0, 0.0, 0.0]
[0.0, 0.0, 0.0, 0.0]
[1.3730813326991675e-13, 1.3730813326991675e-13, 6.865406663495838e-17, 1.3723947920328178e-13]
[3.263721265238568e-12, 3.265353942209673e-12, 1.631860632619284e-15, 3.2620894046059488e-12]
[4.852684198291809e-15, 4.857540524431109e-15, 2.4263420991459047e-18, 4.8502578561926635e-15]
[0.0, 0.0, 0.0, 0.0]
[0.0, 0.0, 0.0, 0.0]
[0.0, 0.0, 0.0, 0.0]
[0.0, 0.0, 0.0, 0.0]
[0.0, 0.0, 0.0, 0.0]
[0.0, 0.0, 0.0, 0.0]
[1.464697120757727e-30, 1.464697120757727e-30, 7.323485603788635e-34, 1.4639647721973481e-30]
[3.480658041363167e-29, 3.4823992409836587e-29, 1.7403290206815836e-32, 3.4789177123424856e-29]
[5.165497019286123e-32, 5.170666393012536e-32, 2.582748509643062e-35, 5.16291427077648e-32]
[0.0, 0.0, 0.0, 0.0]
[0.0, 0.0, 0.0, 0.0]
[0.0, 0.0, 0.0, 0.0]
[0.0, 0.0, 0.0, 0.0]
[0.0, 0.0, 0.0, 0.0]
[0.0, 0.0, 0.0, 0.0]
[0.0, 0.0, 0.0, 0.0]
[0.0, 0.0, 0.0, 0.0]
[0.0, 0.0, 0.0, 0.0]
[0.0, 0.0, 0.0, 0.0]
[0.0, 0.0, 0.0, 0.0]
[0.0, 0.0, 0.0, 0.0]
[0.0, 0.0, 0.0, 0.0]
[0.0, 0.0, 0.0, 0.0]
[0.0, 0.0, 0.0, 0.0]
[0.0, 0.0, 0.0, 0.0]
[0.0, 0.0, 0.0, 0.0]
[0.0, 0.0, 0.0, 0.0]
[0.0, 0.0, 0.0, 0.0]
[0.0, 0.0, 0.0, 0.0]
[0.0, 0.0, 0.0, 0.0]
[1.370921137077582e-13, 1.370921137077582e-13, 6.85460568538791e-17, 1.3702356765090433e-13]
[3.26091308069739e-12, 3.2625443528738266e-12, 1.6304565403486952e-15, 3.2592826241570417e-12]
[4.837427270773881e-15, 4.842268328535333e-15, 2.4187136353869406e-18, 4.8350085571384945e-15]
[0.0, 0.0, 0.0, 0.0]
[0.0, 0.0, 0.0, 0.0]
[0.0, 0.0, 0.0, 0.0]
[0.0, 0.0, 0.0, 0.0]
[0.0, 0.0, 0.0, 0.0]
[0.0, 0.0, 0.0, 0.0]
[0.0, 0.0, 0.0, 0.0]
[0.0, 0.0, 0.0, 0.0]
[0.0, 0.0, 0.0, 0.0]
[1.3707364017134697e-13, 1.3707364017134697e-13, 6.853682008567348e-17, 1.370051033512613e-13]
[3.260473663761573e-12, 3.2621047161196324e-12, 1.6302368318807866e-15, 3.2588434269296922e-12]
[4.8361236455636635e-15, 4.840963398721535e-15, 2.4180618227818317e-18, 4.833705583740882e-15]
[0.0, 0.0, 0.0, 0.0]
[0.0, 0.0, 0.0, 0.0]
[0.0, 0.0, 0.0, 0.0]
[0.0, 0.0, 0.0, 0.0]
[0.0, 0.0, 0.0, 0.0]
[0.0, 0.0, 0.0, 0.0]
[1.457610559880516e-30, 1.457610559880516e-30, 7.28805279940258e-34, 1.4568817546005758e-30]
[3.467115075203655e-29, 3.4688494999536315e-29, 1.7335575376018275e-32, 3.465381517666053e-29]
[5.141933095912889e-32, 5.147078888031199e-32, 2.570966547956445e-35, 5.139362129364933e-32]
[0.0, 0.0, 0.0, 0.0]
[0.0, 0.0, 0.0, 0.0]
[0.0, 0.0, 0.0, 0.0]
[0.0, 0.0, 0.0, 0.0]
[0.0, 0.0, 0.0, 0.0]
[0.0, 0.0, 0.0, 0.0]
[1.5461637525660458e-47, 1.5461637525660458e-47, 7.730818762830229e-51, 1.545390670689763e-47]
[3.677750287219807e-46, 3.679590082260937e-46, 1.8388751436099033e-49, 3.675911412076197e-46]
[5.459831220356776e-49, 5.46529514918217e-49, 2.7299156101783877e-52, 5.457101304746598e-49]
[0.0, 0.0, 0.0, 0.0]
[0.0, 0.0, 0.0, 0.0]
[0.0, 0.0, 0.0, 0.0]
[0.0, 0.0, 0.0, 0.0]
[0.0, 0.0, 0.0, 0.0]
[0.0, 0.0, 0.0, 0.0]
[1.6421615473057753e-64, 1.6421615473057753e-64, 8.210807736528876e-68, 1.6413404665321223e-64]
[3.9070232481126456e-63, 3.9089777369811364e-63, 1.953511624056323e-66, 3.90506973648859e-63]
[5.803714642369342e-66, 5.809522712701365e-66, 2.9018573211846713e-69, 5.800812785048158e-66]
[0.0, 0.0, 0.0, 0.0]
[0.0, 0.0, 0.0, 0.0]
[0.0, 0.0, 0.0, 0.0]
[0.0, 0.0, 0.0, 0.0]
[0.0, 0.0, 0.0, 0.0]
[0.0, 0.0, 0.0, 0.0]
[0.0, 0.0, 0.0, 0.0]
[0.0, 0.0, 0.0, 0.0]
[0.0, 0.0, 0.0, 0.0]
[0.0, 0.0, 0.0, 0.0]
[0.0, 0.0, 0.0, 0.0]
[0.0, 0.0, 0.0, 0.0]
[0.0, 0.0, 0.0, 0.0]
[0.0, 0.0, 0.0, 0.0]
[0.0, 0.0, 0.0, 0.0]
[0.0, 0.0, 0.0, 0.0]
[0.0, 0.0, 0.0, 0.0]
[0.0, 0.0, 0.0, 0.0]
[0.0, 0.0, 0.0, 0.0]
[0.0, 0.0, 0.0, 0.0]
[0.0, 0.0, 0.0, 0.0]
[0.0, 0.0, 0.0, 0.0]
[0.0, 0.0, 0.0, 0.0]
[0.0, 0.0, 0.0, 0.0]
[0.0, 0.0, 0.0, 0.0]
[0.0, 0.0, 0.0, 0.0]
[0.0, 0.0, 0.0, 0.0]
[1.3675856700785526e-13, 1.3675856700785526e-13, 6.837928350392763e-17, 1.3669018772435134e-13]
[3.2537535759188607e-12, 3.255381266552137e-12, 1.6268767879594303e-15, 3.2521266991309017e-12]
[4.829408148209389e-15, 4.8342411808299235e-15, 2.4147040741046947e-18, 4.826993444135285e-15]
[0.0, 0.0, 0.0, 0.0]
[0.0, 0.0, 0.0, 0.0]
[0.0, 0.0, 0.0, 0.0]
[1.4535779635657204e-30, 1.4535779635657204e-30, 7.267889817828602e-34, 1.4528511745839377e-30]
[3.458346047569478e-29, 3.460076085612284e-29, 1.7291730237847393e-32, 3.456616874545694e-29]
[5.140680615824355e-32, 5.145825154522589e-32, 2.5703403079121777e-35, 5.138110275516444e-32]
[0.0, 0.0, 0.0, 0.0]
[0.0, 0.0, 0.0, 0.0]
[0.0, 0.0, 0.0, 0.0]
[0.0, 0.0, 0.0, 0.0]
[0.0, 0.0, 0.0, 0.0]
[0.0, 0.0, 0.0, 0.0]
[1.5475303928057373e-47, 1.5475303928057373e-47, 7.737651964028686e-51, 1.5467566276093346e-47]
[3.68275387526032e-46, 3.684596173346993e-46, 1.84137693763016e-49, 3.68091249832269e-46]
[5.4657869687593624e-49, 5.4712568578029494e-49, 2.7328934843796814e-52, 5.463054075274983e-49]
[0.0, 0.0, 0.0, 0.0]
[0.0, 0.0, 0.0, 0.0]
[0.0, 0.0, 0.0, 0.0]
[0.0, 0.0, 0.0, 0.0]
[0.0, 0.0, 0.0, 0.0]
[0.0, 0.0, 0.0, 0.0]
[0.0, 0.0, 0.0, 0.0]
[0.0, 0.0, 0.0, 0.0]
[0.0, 0.0, 0.0, 0.0]
[0.0, 0.0, 0.0, 0.0]
[0.0, 0.0, 0.0, 0.0]
[0.0, 0.0, 0.0, 0.0]
[0.0, 0.0, 0.0, 0.0]
[0.0, 0.0, 0.0, 0.0]
[0.0, 0.0, 0.0, 0.0]
[0.0, 0.0, 0.0, 0.0]
[0.0, 0.0, 0.0, 0.0]
[0.0, 0.0, 0.0, 0.0]
[0.0, 0.0, 0.0, 0.0]
[0.0, 0.0, 0.0, 0.0]
[0.0, 0.0, 0.0, 0.0]
[0.0, 0.0, 0.0, 0.0]
[0.0, 0.0, 0.0, 0.0]
[0.0, 0.0, 0.0, 0.0]
[0.0, 0.0, 0.0, 0.0]
[0.0, 0.0, 0.0, 0.0]
[0.0, 0.0, 0.0, 0.0]
[0.0, 0.0, 0.0, 0.0]
[0.0, 0.0, 0.0, 0.0]
[0.0, 0.0, 0.0, 0.0]
[0.0, 0.0, 0.0, 0.0]
[0.0, 0.0, 0.0, 0.0]
[0.0, 0.0, 0.0, 0.0]
[0.0, 0.0, 0.0, 0.0]
[0.0, 0.0, 0.0, 0.0]
[0.0, 0.0, 0.0, 0.0]
[0.0, 0.0, 0.0, 0.0]
[0.0, 0.0, 0.0, 0.0]
[0.0, 0.0, 0.0, 0.0]
[0.0, 0.0, 0.0, 0.0]
[0.0, 0.0, 0.0, 0.0]
[0.0, 0.0, 0.0, 0.0]
[0.0, 0.0, 0.0, 0.0]
[0.0, 0.0, 0.0, 0.0]
[0.0, 0.0, 0.0, 0.0]
[0.0, 0.0, 0.0, 0.0]
[0.0, 0.0, 0.0, 0.0]
[0.0, 0.0, 0.0, 0.0]
[0.0, 0.0, 0.0, 0.0]
[0.0, 0.0, 0.0, 0.0]
[0.0, 0.0, 0.0, 0.0]
[0.0, 0.0, 0.0, 0.0]
[0.0, 0.0, 0.0, 0.0]
[0.0, 0.0, 0.0, 0.0]
[0.0, 0.0, 0.0, 0.0]
[0.0, 0.0, 0.0, 0.0]
[0.0, 0.0, 0.0, 0.0]
[0.0, 0.0, 0.0, 0.0]
[0.0, 0.0, 0.0, 0.0]
[0.0, 0.0, 0.0, 0.0]
[0.0, 0.0, 0.0, 0.0]
[0.0, 0.0, 0.0, 0.0]
[0.0, 0.0, 0.0, 0.0]
[0.0, 0.0, 0.0, 0.0]
[0.0, 0.0, 0.0, 0.0]
[0.0, 0.0, 0.0, 0.0]
[1.3506982820089604e-13, 1.3506982820089604e-13, 6.753491410044802e-17, 1.350022932867956e-13]
[3.1832655809194906e-12, 3.1848580099244527e-12, 1.5916327904597453e-15, 3.181673948129031e-12]
[4.7260584825508626e-15, 4.730788087941782e-15, 2.3630292412754315e-18, 4.723695453309588e-15]
[0.0, 0.0, 0.0, 0.0]
[0.0, 0.0, 0.0, 0.0]
[0.0, 0.0, 0.0, 0.0]
[0.0, 0.0, 0.0, 0.0]
[0.0, 0.0, 0.0, 0.0]
[0.0, 0.0, 0.0, 0.0]
[1.3925519083564298e-30, 1.3925519083564298e-30, 6.9627595417821494e-34, 1.3918556324022516e-30]
[3.284227542242217e-29, 3.2858704774809574e-29, 1.6421137711211085e-32, 3.282585428471096e-29]
[4.889410995707698e-32, 4.894304076207886e-32, 2.444705497853849e-35, 4.8869662902098444e-32]
[0.0, 0.0, 0.0, 0.0]
[0.0, 0.0, 0.0, 0.0]
[0.0, 0.0, 0.0, 0.0]
[0.0, 0.0, 0.0, 0.0]
[0.0, 0.0, 0.0, 0.0]
[0.0, 0.0, 0.0, 0.0]
[1.3544308994571634e-13, 1.3544308994571634e-13, 6.772154497285817e-17, 1.3537536840074349e-13]
[3.195075959422787e-12, 3.1966742965710726e-12, 1.5975379797113936e-15, 3.193478421443076e-12]
[4.7522152389494414e-15, 4.756971020727413e-15, 2.3761076194747207e-18, 4.749839131329967e-15]
[3.1050000000000003e-07, 3.1050000000000003e-07, 1.5525000000000003e-10, 3.1034475000000004e-07]
[7.32463417512391e-06, 7.328298324286052e-06, 3.662317087561955e-09, 7.320971858036349e-06]
[1.089433822194389e-08, 1.0905240736370074e-08, 5.447169110971945e-12, 1.088889105283292e-08]
[6.447854966279878e-25, 6.447854966279878e-25, 3.223927483139939e-28, 6.444631038796739e-25]
[1.52283342126577e-23, 1.5235952188752072e-23, 7.614167106328851e-27, 1.5220720045551371e-23]
[2.267430665185788e-26, 2.269699797558396e-26, 1.1337153325928941e-29, 2.2662969498531952e-26]
[3.1050000000000003e-07, 3.1050000000000003e-07, 1.5525000000000003e-10, 3.1034475000000004e-07]
[7.333288043478261e-06, 7.336956521739131e-06, 3.6666440217391305e-09, 7.329621399456522e-06]
[1.0918936998770381e-08, 1.0929864130434783e-08, 5.459468499385191e-12, 1.0913477530270997e-08]
[3.07875451664143e-36, 3.07875451664143e-36, 1.539377258320715e-39, 3.077215139383109e-36]
[7.274740282229573e-35, 7.278379471965556e-35, 3.6373701411147865e-38, 7.271102912088458e-35]
[1.0834670449303011e-37, 1.0845513251175875e-37, 5.417335224651506e-41, 1.0829253114078361e-37]
[3.1050000000000003e-07, 3.1050000000000003e-07, 1.5525000000000003e-10, 3.1034475000000004e-07]
[7.336755319148937e-06, 7.340425531914895e-06, 3.6683776595744685e-09, 7.333086941489363e-06]
[1.0927032851513301e-08, 1.0937968085106386e-08, 5.46351642575665e-12, 1.0921569335087544e-08]
[1.47160062887336e-47, 1.47160062887336e-47, 7.3580031443668e-51, 1.4708648285589234e-47]
[3.4796896819468257e-46, 3.4814303971453988e-46, 1.739844840973413e-49, 3.4779498371058525e-46]
[5.180406282369167e-49, 5.185590576548071e-49, 2.5902031411845835e-52, 5.177816079227983e-49]
[3.1050000000000003e-07, 3.1050000000000003e-07, 1.5525000000000003e-10, 3.1034475000000004e-07]
[7.3419623846699794e-06, 7.345635202271115e-06, 3.6709811923349896e-09, 7.338291403477645e-06]
[1.0930385045479951e-08, 1.0941323633782825e-08, 5.465192522739976e-12, 1.0924919852957212e-08]
[7.039753422600999e-59, 7.039753422600999e-59, 3.5198767113004996e-62, 7.036233545889699e-59]
[1.6649866412422383e-57, 1.665819551017747e-57, 8.324933206211191e-61, 1.6641541479216172e-57]
[2.4794232649884174e-60, 2.4819045490613413e-60, 1.2397116324942086e-63, 2.4781835533559232e-60]
[3.1050000000000003e-07, 3.1050000000000003e-07, 1.5525000000000003e-10, 3.1034475000000004e-07]
[7.343699716043541e-06, 7.347373402744914e-06, 3.6718498580217704e-09, 7.34002786618552e-06]
[1.0935907517829805e-08, 1.0946851632749646e-08, 5.467953758914902e-12, 1.0930439564070891e-08]
[3.3721819858654286e-70, 3.3721819858654286e-70, 1.6860909929327142e-73, 3.370495894872496e-70]
[7.981283198845598e-69, 7.985275836763981e-69, 3.9906415994227995e-72, 7.977292557246176e-69]
[1.1886963639552527e-71, 1.1898859524362007e-71, 5.943481819776263e-75, 1.188102015773275e-71]
[3.1050000000000003e-07, 3.1050000000000003e-07, 1.5525000000000003e-10, 3.1034475000000004e-07]
[7.348916646933461e-06, 7.352592943405164e-06, 3.6744583234667306e-09, 7.345242188609995e-06]
[1.0945145385247753e-08, 1.0956098744968035e-08, 5.4725726926238765e-12, 1.093967281255513e-08]
[1.6163873559300303e-81, 1.6163873559300303e-81, 8.081936779650151e-85, 1.6155791622520653e-81]
[3.82747965470757e-80, 3.829394351883512e-80, 1.913739827353785e-83, 3.825565914880217e-80]
[5.696650203848131e-83, 5.702351129389737e-83, 2.8483251019240655e-86, 5.693801878746207e-83]
[3.1050000000000003e-07, 3.1050000000000003e-07, 1.5525000000000003e-10, 3.1034475000000004e-07]
[7.352398720682304e-06, 7.356076759061835e-06, 3.6761993603411523e-09, 7.3487225213219635e-06]
[1.0942982706500535e-08, 1.0953933901918978e-08, 5.471491353250268e-12, 1.0937511215147285e-08]
[7.754131226911833e-93, 7.754131226911833e-93, 3.877065613455917e-96, 7.750254161298377e-93]
[1.8369884241048537e-91, 1.8379073777937504e-91, 9.184942120524269e-95, 1.8360699298928013e-91]
[2.735560588547285e-94, 2.7382982021749085e-94, 1.3677802942736424e-97, 2.7341928082530114e-94]
[3.1050000000000003e-07, 3.1050000000000003e-07, 1.5525000000000003e-10, 3.1034475000000004e-07]
[7.3558840957572896e-06, 7.359563877696137e-06, 3.677942047878645e-09, 7.3522061537094116e-06]
[1.0954051948411652e-08, 1.0965014221379474e-08, 5.4770259742058265e-12, 1.0948574922437447e-08]
[3.724605566144556e-104, 3.724605566144556e-104, 1.862302783072278e-107, 3.722743263361484e-104]
[8.832131111177898e-103, 8.836549385870833e-103, 4.416065555588949e-106, 8.827715045622309e-103]
[1.3143584931427056e-105, 1.3156738380623084e-105, 6.571792465713528e-109, 1.3137013138961343e-105]
[3.1050000000000003e-07, 3.1050000000000003e-07, 1.5525000000000003e-10, 3.1034475000000004e-07]
[7.362864768683275e-06, 7.366548042704627e-06, 3.6814323843416374e-09, 7.3591833362989335e-06]
[1.0957088069415482e-08, 1.096805338078292e-08, 5.478544034707741e-12, 1.0951609525380774e-08]
[1.3697279324577863e-13, 1.3697279324577863e-13, 6.848639662288931e-17, 1.3690430684915575e-13]
[3.2107013801396755e-12, 3.2123075339066283e-12, 1.6053506900698377e-15, 3.209096029449606e-12]
[4.782836722291693e-15, 4.787623148534439e-15, 2.3914183611458464e-18, 4.7804453039305474e-15]
[3.13e-07, 3.13e-07, 1.565e-10, 3.1284350000000003e-07]
[7.336855065666042e-06, 7.340525328330207e-06, 3.668427532833021e-09, 7.33318663813321e-06]
[1.0929381365473737e-08, 1.0940318949343342e-08, 5.464690682736868e-12, 1.0923916674791e-08]
[6.548784429533103e-25, 6.548784429533103e-25, 3.2743922147665517e-28, 6.545510037318337e-25]
[1.5357836783947295e-23, 1.5365519543719154e-23, 7.678918391973648e-27, 1.5350157865555323e-23]
[2.2870200203890876e-26, 2.2893087568187166e-26, 1.1435100101945439e-29, 2.2858765103788933e-26]
[3.13e-07, 3.13e-07, 1.565e-10, 3.1284350000000003e-07]
[7.3402979821679975e-06, 7.343969967151573e-06, 3.6701489910839987e-09, 7.336627833176914e-06]
[1.0930841808650284e-08, 1.0941780854059128e-08, 5.465420904325142e-12, 1.0925376387745959e-08]
[1.3710599380136183e-13, 1.3710599380136183e-13, 6.855299690068091e-17, 1.3703744080446116e-13]
[3.2175966378131287e-12, 3.219206240933595e-12, 1.6087983189065644e-15, 3.2159878394942225e-12]
[4.792143479630341e-15, 4.79693921961515e-15, 2.3960717398151708e-18, 4.789747407890527e-15]
[3.13e-07, 3.13e-07, 1.565e-10, 3.1284350000000003e-07]
[7.345468419816858e-06, 7.349142991312515e-06, 3.6727342099084294e-09, 7.34179568560695e-06]
[1.0940009751122917e-08, 1.0950957971354778e-08, 5.470004875561459e-12, 1.0934539746247356e-08]
[6.5690138790057775e-25, 6.5690138790057775e-25, 3.284506939502889e-28, 6.565729372066275e-25]
[1.541974958211901e-23, 1.5427463313775897e-23, 7.709874791059506e-27, 1.541203970732795e-23]
[2.2967021571860112e-26, 2.299000583018884e-26, 1.1483510785930056e-29, 2.2955538061074184e-26]
[3.13e-07, 3.13e-07, 1.565e-10, 3.1284350000000003e-07]
[7.347193518083608e-06, 7.350868952559887e-06, 3.673596759041804e-09, 7.343519921324567e-06]
[1.0943313386757869e-08, 1.0954264913104743e-08, 5.4716566933789344e-12, 1.093784173006449e-08]